Filetype: IR signals file
Version: 1
# 
name: Power
type: raw
frequency: 38000
duty_cycle: 0.330000
data: 6070 7394 541 1649 540 1650 539 1652 537 1653 536 1654 545 1645 544 1646 543 1648 541 554 540 554 540 556 538 556 538 557 537 558 536 558 536 559 535 1655 544 1645 544 1647 542 1648 541 1649 540 1651 538 1651 538 1653 536 558 536 560 544 550 544 551 543 552 542 552 542 554 540 554 540 1649 540 1650 539 1652 537 1654 545 1645 544 1647 542 1648 541 1650 539 556 538 556 538 557 537 557 537 557 537 558 536 559 535 559 535 1653 536 1655 544 550 544 1645 544 1646 543 1647 542 553 541 1648 541 553 541 554 540 1649 540 554 540 555 539 555 539 1649 540 556 538 1650 539 1651 538 1651 538 558 536 1653 536 558 536 1653 536 1653 536 560 544 550 544 551 543 1645 544 550 544 1645 544 551 543 552 542 552 542 1647 542 553 541 1647 542 553 541 1648 541 553 541 553 541 1648 541 553 541 1648 541 554 540 1649 540 554 540 1649 540 1649 540 7339 545
# 
name: Temp_up
type: raw
frequency: 38000
duty_cycle: 0.330000
data: 6063 7408 526 1680 519 1670 519 1672 517 1673 515 1674 515 1675 514 1676 513 1677 512 583 511 557 537 585 509 559 545 575 519 549 545 550 544 550 544 1673 516 1674 515 1675 514 1676 513 1677 512 1678 511 1679 510 1681 518 576 518 577 517 552 542 552 542 552 542 553 541 580 514 554 540 1676 513 555 539 1677 512 1678 511 1679 520 1670 519 1672 517 1674 515 580 514 1676 513 582 512 583 511 583 511 558 536 585 509 559 545 1671 518 578 516 578 516 1675 514 1677 512 1678 511 584 510 1681 518 577 517 1673 516 1675 514 581 513 556 538 556 538 1678 511 585 519 549 545 1671 518 1673 516 579 515 1676 513 582 512 1678 511 1679 520 1670 519 576 518 578 516 1674 515 580 514 1676 513 583 511 557 537 584 510 1679 520 575 519 1670 519 577 517 1672 517 578 516 579 515 1675 514 581 513 1677 512 583 511 1679 510 585 509 1680 519 1671 518 7349 535
# 
name: Temp_down
type: raw
frequency: 38000
duty_cycle: 0.330000
data: 6075 7389 546 1646 543 1648 541 1649 539 1650 539 1651 538 1652 536 1655 544 1646 543 553 541 554 540 555 539 556 538 557 537 558 536 559 535 560 544 1646 543 1647 541 1648 541 1650 538 1652 536 1654 545 1645 544 1647 542 553 541 554 540 555 539 556 538 556 538 557 537 558 536 559 535 559 535 560 544 1645 544 1646 543 1648 541 1649 539 1651 537 1652 536 1653 546 1645 543 552 542 553 541 553 541 554 540 555 539 555 539 1651 538 558 536 558 536 1655 544 1646 543 1647 542 554 540 1650 538 557 537 1653 536 1655 544 552 542 552 542 553 541 1649 540 555 539 1651 537 1653 535 1654 545 551 543 1647 542 553 541 1649 540 1651 537 557 537 558 536 559 535 1655 544 551 543 1647 542 554 540 554 540 556 538 1652 537 558 536 1653 536 560 544 1645 544 552 542 553 541 1649 540 555 539 1650 539 557 537 1651 538 558 536 1653 536 1654 545 7336 538
# 
name: Cool
type: raw
frequency: 38000
duty_cycle: 0.330000
data: 6075 7387 537 1654 544 1645 543 1646 542 1647 541 1648 540 1650 538 1651 537 1652 536 559 535 560 544 550 544 551 543 552 542 553 541 553 541 553 541 1648 540 1650 538 1651 537 1653 535 1653 535 1655 544 1647 541 1648 540 554 540 555 539 556 538 557 537 558 536 559 535 559 535 561 543 1646 543 1646 542 1647 541 1648 540 1650 538 1651 537 1653 535 1654 545 550 544 552 542 552 542 553 541 554 540 554 540 555 539 555 539 1650 538 557 537 558 536 1653 535 1654 545 1646 542 552 542 1648 541 554 540 1651 537 1652 536 558 536 560 544 550 544 1645 543 551 543 1648 541 554 540 1649 539 556 538 1652 536 558 536 1654 534 1655 544 551 543 1647 542 553 541 1649 539 555 539 1650 538 557 537 557 537 558 536 1653 535 560 544 1645 543 551 543 1648 541 554 540 554 540 1650 538 556 538 1652 536 558 536 1654 545 550 544 1646 542 1647 541 7340 543
# 
name: Heat
type: raw
frequency: 38000
duty_cycle: 0.330000
data: 6070 7392 542 1648 540 1649 539 1650 538 1651 537 1652 536 1652 536 1653 535 1654 545 551 543 551 543 551 543 552 542 552 542 553 541 553 541 553 541 1648 540 1649 540 1650 538 1651 537 1652 536 1654 535 1655 544 1646 543 552 542 552 542 553 541 553 541 554 540 554 540 555 539 556 538 1651 537 1652 536 1653 535 1654 545 1644 544 1645 544 1646 543 1647 541 553 541 554 540 554 540 555 539 555 539 555 539 556 538 556 538 1651 537 558 536 558 536 1654 534 1654 545 1646 543 552 542 1647 541 553 541 1649 540 1650 538 556 538 556 538 556 538 1651 537 557 537 1653 535 1654 545 549 545 1645 543 1647 541 1647 542 1649 539 555 539 556 538 556 538 1651 537 558 536 558 536 559 535 560 544 1644 544 550 544 1645 543 551 543 1646 542 551 543 1647 541 552 542 552 542 1647 542 553 541 1648 540 553 541 1649 540 554 540 1649 540 1649 540 7339 544
